2.81259620e-02  -4.47257236e-02  -6.88626340e-03
  2.40996213e-02  -4.51807129e-02  -6.63910571e-03
  1.31511509e-02  -3.09563447e-02  -4.07176597e-03
  8.10696306e-03  -2.03805524e-02  -2.49614121e-03
  4.20344223e-02  -6.42006885e-02  -1.07275034e-02
  4.53370586e-02  -8.07306492e-02  -1.34650844e-02
  6.12179275e-02  -1.32786115e-01  -2.37409448e-02
  8.04840311e-02  -1.82431906e-01  -3.54755122e-02
  1.60859809e-02  -3.23004239e-02  -4.41703815e-03
  6.18109347e-02  -1.12021517e-01  -2.00680286e-02
  6.96418326e-03  -2.11761660e-02  -2.54122963e-03
  1.01651428e-02  -3.29783534e-02  -4.19089614e-03
  1.16747045e-02  -5.33113017e-02  -7.13999923e-03
  8.33787325e-03  -5.75417148e-02  -7.68260671e-03
  1.99401563e-02  -9.66389982e-02  -1.45171426e-02
  1.10410709e-02  -8.37177001e-02  -1.19954835e-02
  6.38353797e-02  -1.92313906e-01  -3.62174536e-02
  4.35060099e-02  -1.43564445e-01  -2.45014418e-02
  9.03442719e-03  -3.70340560e-02  -4.69836130e-03
  2.92479915e-02  -1.31940425e-01  -2.14489706e-02
  3.19129916e-02  -6.45280447e-02  -9.93866285e-03
  1.50297361e-02  -4.09332983e-02  -5.49964061e-03
  1.87619881e-02  -7.29550006e-02  -1.04767335e-02
  4.38850698e-02  -1.16244261e-01  -1.93330478e-02
  5.70439343e-03  -1.33147196e-02  -1.56286106e-03
  2.63603983e-02  -7.08989132e-02  -1.05832600e-02
  4.25002299e-03  -1.43512995e-02  -1.61976670e-03
  3.54422687e-03  -9.07392424e-03  -1.00303554e-03
  3.08936036e-03  -9.40589061e-03  -1.02072233e-03
  6.04758057e-03  -1.25521757e-02  -1.49680409e-03
  3.55553263e-03  -1.43270818e-02  -1.59423172e-03
  2.04903976e-03  -6.69300877e-03  -6.94930663e-04
  2.58822325e-03  -6.29212957e-03  -6.74057557e-04
  4.15005042e-03  -4.43265439e-02  -5.61073164e-03
  5.59068161e-03  -9.44744193e-02  -1.37579462e-02
  1.44056044e-03  -4.99907266e-02  -6.41923147e-03
  5.96722285e-04  -7.25619793e-02  -9.97136754e-03
  3.38403446e-03  -3.22281444e-02  -3.88558278e-03
  5.35368460e-03  -1.22425149e-01  -1.89179362e-02
  -3.67123002e-03  -7.62944423e-02  -1.05929974e-02
  -2.80928648e-04  -3.97124286e-02  -4.90252885e-03
  5.07676270e-02  -6.65238147e-02  -1.19053075e-02
  2.24631659e-02  -3.23209643e-02  -4.88309876e-03
  4.00628590e-02  -4.78731812e-02  -8.38176586e-03
  2.67730994e-02  -3.36737541e-02  -5.41332048e-03
  6.74708755e-02  -8.48317665e-02  -1.63270239e-02
  1.60088131e-02  -2.37670759e-02  -3.38811310e-03
  2.16309957e-02  -2.54782508e-02  -4.04151650e-03
  4.39182543e-02  -4.69531527e-02  -8.67925739e-03
  6.77368934e-02  -2.46409960e-01  -4.96010471e-02
  1.13443215e-01  -2.19859521e-01  -4.74875282e-02
  1.00409351e-01  -3.00837272e-01  -6.75414882e-02
  1.31514418e-01  -2.83092478e-01  -6.60268944e-02
  4.70790479e-02  -2.46227974e-01  -4.82685336e-02
  1.24342861e-01  -2.01467913e-01  -4.47216357e-02
  1.69436827e-01  -3.17455469e-01  -8.17438390e-02
  1.00986684e-01  -3.55917641e-01  -8.52310876e-02
