-1.799999998183920979e-03
-1.399999891873449087e-04
-5.117999999856692739e-02
9.600000000000163958e-04
-1.240000000001373337e-02
1.721199999999925012e-01
-1.626600000017788261e-01
3.739999985555186868e-03
2.877999999691382982e-02
-4.379999999999995008e-03
-4.079999999987649062e-03
1.826000000001215540e-02
3.356999999959953129e-01
1.994800000102259219e-01
-6.339999999909196049e-03
-2.862399999999999944e-01
-1.145999999999958163e-02
-2.292600000000106775e-01
-1.356815999999525957e+01
-5.763409999999566935e+01
-1.680759999999281717e+00
-4.889258000000000237e+01
-6.860000000017407729e-03
-1.883399999999966212e-01
-1.099795400000002701e+02
8.866210000001592562e+01
-4.831999999951221980e-01
1.478670999999999935e+02
-1.301399999999830470e-01
2.194000000000073669e-02
-1.689599999808706343e-01
-2.082400000072084367e-01
-4.899999999906867743e-03
6.614000000000000434e-02
-1.530879999999996244e+00
-4.377599999999972624e-01
8.860985999999684282e+01
-1.099789199999941047e+02
-4.402800000061688479e-01
-1.479491399999999999e+02
1.702800000000195269e-01
-1.940199999999947522e-01
5.730384000000776723e+01
1.335693999996874481e+01
1.570540000000619330e+00
-4.873955999999999733e+01
5.817999999999301508e-02
-2.314000000001215085e-02
1.138400000054389238e-01
-4.031400000094436109e-01
-2.871999999842955731e-02
3.296399999999999886e-01
-4.711799999999755073e-01
1.496339999999989345e+00
-1.223178000000189058e+02
6.840002000000094995e+01
-1.620199999997566920e-01
-3.699030000000000484e+01
-5.910000000000081855e-02
-1.985799999999926513e-01
-2.635026000000652857e+01
-7.395344000004115514e+01
-2.390199999972537626e-01
6.218240000000000123e+01
-6.135999999997920895e-02
2.118200000000030059e-01
-8.925999997882172465e-02
-8.460000011837109923e-03
4.100000000107684173e-02
-5.479999999999998761e-03
-4.930000000001655280e-02
2.282600000000059026e-01
-7.397802000000956468e+01
-2.572419999996782281e+01
-2.462799999993876554e-01
-6.262283999999999651e+01
-3.522000000000957698e-02
4.726000000000851742e-02
-6.827781999998842366e+01
1.227620600000373088e+02
5.858000000080210157e-02
-3.725593999999999539e+01
-3.306000000000608452e-02
-1.061799999999948341e-01
3.117999999085441232e-02
-4.534000001149252057e-02
5.079999998997664079e-03
-6.948000000000000009e-02
-5.333999999999150532e-02
-2.426200000000164891e-01
1.223060199999890756e+02
-6.834957999998005107e+01
6.165999999939231202e-02
3.694751999999999725e+01
5.345999999997275154e-02
-3.220799999999996999e-01
2.609013999998569489e+01
7.402569999999832362e+01
2.904799999960232526e-01
-6.217586000000000013e+01
4.185999999998557541e-02
-1.405400000000014415e-01
3.609999999753199518e-02
-3.536000000895000994e-02
3.139999999984866008e-02
-2.144000000000000419e-02
-4.400000000259751687e-04
2.275799999999748024e-01
7.389329999999608845e+01
2.571772000001510605e+01
2.856599999940954149e-01
6.268502000000000152e+01
1.861999999999852662e-02
1.745599999999996044e-01
6.826774000001023524e+01
-1.224829599999939092e+02
-2.143000000032770913e-01
3.671627999999999759e+01
4.857999999998696694e-02
1.050199999999961165e-01
1.133600000175647438e-01
1.332200000179000199e-01
1.673999999911757186e-02
8.782000000000000917e-02
1.179999999996539373e-02
-7.572000000000400632e-02
-8.862704000002122484e+01
1.099804599999915808e+02
4.696199999998498242e-01
1.479460400000000107e+02
-1.805599999999856209e-01
2.590600000000051750e-01
-5.736191999999573454e+01
-1.357805999997071922e+01
-1.601040000001376029e+00
4.881492000000000075e+01
-7.502000000002340130e-02
1.163199999999875445e-01
-2.150400000100489706e-01
4.161199999798554927e-01
1.159999999799765646e-03
-2.699799999999999978e-01
4.355400000000315686e-01
-1.794200000000003570e+00
1.357473999998182990e+01
5.759181999997235835e+01
1.554519999997864943e+00
4.895619999999999550e+01
-1.565999999999689862e-02
2.088000000000107548e-01
1.100075999999826308e+02
-8.864810000002034940e+01
4.819800000004761387e-01
-1.478783000000000243e+02
1.879000000000132786e-01
-3.880000000000904947e-02
-2.804000003379769623e-02
1.391399999847635627e-01
-3.479999999763094820e-02
6.401999999999999358e-02
1.529280000000028394e+00
6.814800000000076352e-01
4.980005999997956678e+01
5.450245999998878688e+01
-3.893600000046717469e-01
1.721331600000000037e+02
-4.812000000001148692e-02
1.470999999999946795e-01
-1.195068599999940488e+02
2.927665999997407198e+01
-1.966599999977916013e-01
-8.316999999999999948e-01
-8.419999999998140083e-02
1.698800000000062482e-01
-8.782000000064726919e-01
-6.554000001051463187e-02
3.231999999843537807e-02
2.613799999999999457e-01
1.594000000000050932e-01
6.487599999999957845e-01
1.977621999999973923e+01
-6.302840000018477440e+00
1.023599999971338548e-01
-1.754239400000000160e+02
1.980600000000265482e-01
-1.150999999999982037e-01
1.515920800000021700e+02
-4.084103999999933876e+01
8.151999999608960934e-02
-3.214519999999999822e+00
1.236999999999852662e-01
-4.869999999999663487e-02
1.179999997839331627e-02
7.914799999853130430e-01
2.850000000034924597e-02
-1.166060000000000096e+00
4.824160000000034643e+00
-1.025075999999999965e+01
7.419391999999061227e+01
-1.468411400000040885e+02
-1.835600000013073441e-01
-1.187271199999999993e+02
1.311800000000289401e-01
1.706000000001495209e-02
1.563642399999953341e+02
-7.262484000000404194e+01
-1.627999999982421286e-02
2.920758000000000010e+01
1.232800000000224827e-01
1.420800000000070895e-01
3.452399999951012433e-01
-2.227600000042002648e-01
8.585999999922933057e-02
-1.350000000000001199e-02
1.569199999999995043e+00
-1.097043999999999642e+01
-1.331132999999972526e+02
9.398455999998259358e+01
4.040200000017648563e-01
9.688031999999999755e+01
-1.650399999999763168e-01
1.566600000000164528e-01
-1.772610200000053737e+02
4.487182000000029802e+01
2.019999999902211130e-02
-1.743834000000000017e+01
-1.299999999999954525e-01
-2.005799999999879901e-01
-8.223400000133551657e-01
-2.934200000017881393e-01
-8.077999999659368768e-02
6.276800000000000157e-01
-5.407999999999617557e-01
2.487599999999901002e-01
-4.496287999997730367e+01
1.773864199999952689e+02
-1.015800000022863969e-01
-1.759429999999999694e+01
-3.060000000004947651e-03
-1.183800000000019281e-01
9.357854000001680106e+01
-1.327860400000063237e+02
4.235999999982595909e-01
-9.693970000000000198e+01
1.434800000000109321e-01
3.175999999999135071e-02
-3.752600000007078052e-01
-1.664000000164378434e-01
-6.759999999849242158e-02
7.257599999999999607e-01
-5.936600000000282762e-01
-5.879399999999890269e-01
7.272570000000996515e+01
-1.567425399999774527e+02
-4.492000000755069777e-02
2.923158000000000101e+01
1.743999999999346073e-02
2.872199999999907050e-01
-1.473277400000079069e+02
7.389285999996354803e+01
-4.062000000703847036e-02
1.182970799999999940e+02
-1.194600000000036744e-01
9.745599999999967622e-01
3.171200000215321779e-01
-1.505199999955948442e-01
5.262000000220723450e-02
-3.739999999999965574e-03
1.123416000000000281e+01
1.922340000000005489e+00
-8.542742000002181157e+01
-5.570288000002619810e+01
-1.193239999996876577e+00
-3.227942000000000178e+01
-2.850000000000818545e-02
1.440799999999882175e-01
-1.933005999999877531e+02
-4.390820000000530854e+01
4.793200000058277510e-01
-5.173260000000000502e+01
-1.178199999999947067e-01
1.316599999999965576e-01
4.677000000083353370e-01
8.535999999730847776e-02
6.784000000334344804e-02
-6.511999999999999733e-02
-2.518439999999998236e+00
1.045174000000000092e+01
-1.535940000001573935e+01
-1.064688800000003539e+02
1.067899999998189742e+00
3.948556000000000665e+01
-2.003999999999450665e-02
-2.316000000000428827e-02
-5.173878000001423061e+01
-1.960100199999869801e+02
-6.581600000026810449e-01
2.609186000000000050e+01
-2.626000000000772161e-02
4.539000000000044110e-01
9.494000000995583832e-02
-1.106600000057369471e-01
8.470000000306754373e-02
2.509600000000000164e-01
1.007374000000001502e+01
3.101439999999996644e+00
1.995212000000174157e+02
1.286181999999971595e+02
2.261199999957170803e-01
1.278546000000000049e+01
1.485600000000033560e-01
-7.009999999999649845e-02
2.965908000001218170e+01
5.655353999999351799e+01
1.272060000002966262e+00
3.882486000000000104e+01
1.751999999999043212e-02
-1.207799999999963347e-01
-9.080000003450550139e-02
-1.273999999975785613e-01
-1.008000000365427695e-02
3.431000000000000161e-01
7.832079999999990605e+00
1.418339999999999179e+01
-4.387840000001597218e+01
-1.932529600000125356e+02
4.996599999940372072e-01
5.190164000000000044e+01
-7.775999999998362000e-02
4.488599999999962620e-01
5.603158000003895722e+01
8.522039999999105930e+01
1.015419999999721767e+00
-3.211169999999999902e+01
-6.639999999975998435e-03
-9.612000000001330591e-02
-3.433799999766051769e-01
-1.962400000193156302e-01
-3.171999999904073775e-02
1.269999999999998908e-02
1.039734000000001402e+01
2.502800000000007685e+00
-1.957196999999869149e+02
-5.202217999999993481e+01
-7.302799999961280264e-01
-2.628909999999999769e+01
-1.426200000000221735e-01
2.792000000000882665e-02
1.068914999999979045e+02
1.494862000001012348e+01
-1.029419999998935964e+00
3.944872000000000156e+01
6.140000000002032721e-02
6.444000000000471573e-02
4.682000001776032150e-02
-1.930200000060722232e-01
8.122000000003026798e-02
2.362799999999999900e-01
3.541420000000016444e+00
-9.813420000000007803e+00
5.599625999998534098e+01
2.977907999997842126e+01
1.228419999999459833e+00
-3.887604000000000326e+01
6.846000000001595254e-02
2.894399999999990314e-01
-1.283998799999826588e+02
-1.995174999999871943e+02
-2.165600000007543713e-01
1.272857999999999912e+01
-8.997999999999706233e-02
8.673999999999182364e-02
7.093999999924562871e-01
2.049199999892152846e-01
-5.885999999372870661e-02
-1.139799999999999980e-01
1.400646000000001834e+01
-8.568060000000016885e+00
-6.543708000003243797e+01
-4.261006000000634231e+01
7.816400000010617077e-01
3.820928000000000679e+01
-8.263999999999782631e-02
-4.287000000000062983e-01
1.228630000000121072e+02
1.992971399999805726e+02
9.206800000029033981e-01
-7.491780000000000328e+00
1.249200000000030286e-01
-1.998000000000104137e-01
-1.776400000089779496e-01
-1.346600000106263906e-01
-5.275999999867053702e-02
2.219999999999999751e-03
7.461080000000009704e+00
1.425148000000001502e+01
4.064629999999306165e+01
-1.512287800000049174e+02
-1.151199999985692557e-01
-3.208380000000000010e+00
2.799999999996316546e-02
3.885999999999967258e-02
-6.382740000000922009e+00
2.082689999998547137e+01
1.887600000045495108e-01
1.753033200000000136e+02
-6.646000000000640284e-02
2.479799999999841020e-01
7.439999986672773957e-03
7.379999995464459062e-03
-4.204000000027008355e-02
-2.895800000000000041e-01
1.036733999999998446e+01
4.754919999999998481e+00
-2.928651999999419786e+01
1.192346799999941140e+02
2.163600000021688174e-01
-9.538400000000000212e-01
-9.339999999980364009e-03
-1.602799999999859892e-01
5.482810000001336448e+01
4.970552000001771376e+01
-5.371999999988474883e-01
-1.711397200000000112e+02
1.373999999999853117e-01
-1.937599999999974898e-01
2.405999999609775841e-02
2.417999999888706952e-01
4.502000000138650648e-02
-1.315199999999999980e-01
-7.974000000000103228e-01
2.341399999999964621e-01
2.930412000001524575e+01
-1.191552400000218768e+02
-5.593199999966600444e-01
8.788799999999999946e-01
6.156000000001426997e-02
-1.968760000000003174e+00
-5.542037999999593012e+01
-4.970873999997274950e+01
4.890000000013969839e-01
1.710889599999999859e+02
-1.528799999999819192e-01
2.865999999999928605e-01
-2.551800000073853880e-01
-4.020399999863002449e-01
-6.177999999999883585e-02
3.868199999999999972e-01
8.268600000000105865e-01
-1.536600000000163391e-01
-3.981539999999222346e+01
1.511528199999884237e+02
9.935999999652267434e-02
3.400640000000000107e+00
3.399999999942338036e-04
-1.539000000000072532e-01
6.690639999986160547e+00
-2.080775999999605119e+01
-9.759999999732826836e-02
-1.753381600000000162e+02
1.625200000000290856e-01
1.695999999999742158e-02
2.185999999928753823e-01
2.068799999833572656e-01
2.001999999993131496e-02
-5.306000000000000300e-02
-1.035954000000000974e+01
-4.768339999999994916e+00
1.991761999999871477e+02
1.229497200000041630e+02
8.625400000018998981e-01
7.526299999999999102e+00
1.632600000000081764e-01
-4.899999999997817213e-02
4.309350000001722947e+01
6.475651999999536201e+01
-9.429599999966740143e-01
3.815417999999999665e+01
2.117999999998687599e-02
-1.232000000000255113e-02
2.665399999823421240e-01
3.592000002390705049e-02
1.568000000042957254e-02
8.019999999999999352e-03
1.420564000000000249e+01
-7.368459999999998900e+00
-7.243975999997928739e+01
1.565288400000135880e+02
-5.360000000291620381e-02
-2.903785999999999845e+01
-4.831999999998970452e-02
-5.579999999994811333e-03
1.473183600000047591e+02
-7.373290000000270084e+01
2.223399999966204632e-01
-1.183362000000000052e+02
1.820199999999942975e-01
-6.922000000000139153e-02
-7.409999999799765646e-02
4.629999998724088073e-02
-5.332000000271364115e-02
2.339600000000000291e-01
-1.126150000000001228e+01
-1.774840000000011742e+00
4.496963999999570660e+01
-1.773445200000423938e+02
-2.500000000145519152e-02
1.753343999999999880e+01
1.944000000000301043e-02
-1.570000000000106866e-01
-9.357951999999932013e+01
1.327984599999908824e+02
-4.351800000004004687e-01
9.692647999999999797e+01
-1.437200000000018463e-01
-2.655999999998925887e-02
-1.033800000004703179e+00
-1.420000000507570803e-02
3.916000000026542693e-02
-3.806599999999999984e-01
5.908200000000363161e-01
5.464200000000118962e-01
-2.117863999999826774e+01
6.271599999978207052e+00
-2.072000000007392373e-01
1.754604800000000182e+02
-1.741800000000068849e-01
2.091599999999971260e-01
-1.512117399999697227e+02
4.059734000000753440e+01
-1.028799999985494651e-01
3.412080000000000002e+00
-1.239999999999952252e-01
-4.279999999994288373e-03
7.621800000197254121e-01
-3.745000000053551048e-01
4.999999982828740031e-04
7.061399999999999899e-01
-4.841980000000006612e+00
1.024244000000000199e+01
-4.932746000000042841e+01
-5.450226000000839122e+01
3.880200000021432061e-01
-1.721376599999999826e+02
8.133999999998309249e-02
-1.004400000000060800e-01
1.195491199999814853e+02
-2.927058000001125038e+01
2.362800000009883661e-01
8.174600000000000755e-01
8.704000000003020432e-02
-1.008800000000036334e-01
9.515599999867845327e-01
-1.027999998768791556e-02
5.809999999473802745e-02
-1.111400000000000027e-01
-9.752000000000293767e-02
-8.202199999999919555e-01
1.331386799999745563e+02
-9.397659999999450520e+01
-4.648800000031769741e-01
-9.688483999999999696e+01
1.927200000000084401e-01
-6.054000000000314685e-02
1.773677200000092853e+02
-4.486779999997816049e+01
-3.567999999722815119e-02
1.743520000000000181e+01
1.441199999999867032e-01
-1.062599999999918055e-01
6.314600000041536987e-01
4.000000015366822481e-03
3.091999999742256477e-02
-1.023199999999999943e-01
5.202799999999854208e-01
-3.967800000000067939e-01
-7.391422000000602566e+01
1.469923000000126194e+02
1.842200000028242357e-01
1.183072600000000136e+02
-1.296000000000105956e-01
-2.941999999998756721e-02
-1.567925599999725819e+02
7.235541999997803941e+01
-3.801999999996041879e-02
-2.905039999999999978e+01
-9.341999999998051862e-02
1.085999999999387455e-02
-1.003999999375082552e-02
-7.157999998889863491e-02
-4.303999999683583155e-02
3.100999999999999868e-01
-1.604519999999979518e+00
1.095647999999999911e+01
8.538951999999699183e+01
5.549839999998221174e+01
1.172539999999571592e+00
3.245978000000000208e+01
5.450000000001864464e-02
-7.471999999998502062e-02
1.933505599999916740e+02
4.398277999996207654e+01
-4.472800000003189780e-01
5.168580000000000041e+01
1.509800000000041109e-01
-1.927999999999485681e-02
-4.080800000228919089e-01
-2.473199999658390880e-01
-1.011000000034982804e-01
2.609599999999999698e-01
2.523159999999990077e+00
-9.777300000000010982e+00
1.548850000000675209e+01
1.064677000000083353e+02
-1.009599999997590203e+00
-3.948062000000000182e+01
5.763999999999214197e-02
-2.560000000001139142e-02
5.172619999997550622e+01
1.959793800000043120e+02
7.185800000006565824e-01
-2.599183999999999983e+01
5.057999999999651664e-02
-1.612600000000128375e-01
-6.827399999892804772e-01
-3.560000000288709998e-02
1.574000000255182385e-02
-2.495999999999999608e-02
-1.008841999999998507e+01
-4.384100000000003661e+00
-1.994860000000044238e+02
-1.286229199999943376e+02
-2.510599999986879993e-01
-1.278389999999999915e+01
-1.444400000000030104e-01
-1.988000000000056389e-02
-2.966078000000561588e+01
-5.657773999997880310e+01
-1.283299999999144347e+00
-3.879988000000000170e+01
1.291999999997983650e-02
-1.922399999999981901e-01
-1.601800000062212348e-01
-3.183999999891966581e-01
7.036000000152853318e-02
4.364399999999999946e-01
-7.829880000000002838e+00
-1.384262000000001080e+01
6.517310000001452863e+01
4.261063999999896623e+01
-1.068360000001121080e+00
-3.820691999999999666e+01
1.099000000000103228e-01
2.861199999999968213e-01
-1.228567599999951199e+02
-1.993135799999872688e+02
-8.417600000029779039e-01
7.489760000000000417e+00
-1.311400000000162436e-01
5.345999999998696239e-02
1.066400000127032399e-01
8.230000000912696123e-02
6.184000000212108716e-02
8.443999999999998729e-02
-7.455119999999993752e+00
-1.387153999999999598e+01
4.386206000001402572e+01
1.932425999999686610e+02
-4.469199999984994065e-01
-5.188682000000000016e+01
8.075999999996952283e-02
-2.675599999999889178e-01
-5.612270000000717118e+01
-8.529084000000148080e+01
-1.336379999997006962e+00
3.218674000000000035e+01
2.978000000001657099e-02
1.188000000000499767e-02
5.245200000063050538e-01
1.281599999929312617e-01
2.718000000095344149e-02
-3.476000000000001311e-02
-1.039445999999998094e+01
-2.715240000000008536e+00
1.955567799999844283e+02
5.201066000002902001e+01
7.340000000003783498e-01
2.629404000000000252e+01
1.356200000000171713e-01
-2.139999999999986358e-02
-1.067672400000155903e+02
-1.495605999996769242e+01
1.037659999994502869e+00
-3.944109999999999872e+01
-6.398000000001502485e-02
1.108000000000686214e-02
-3.972000000067055225e-02
1.825799999933224171e-01
-6.265999999959603883e-02
-1.283599999999999741e-01
-3.566859999999991260e+00
9.798900000000003274e+00
-5.598064000002341345e+01
-2.977833999998983927e+01
-1.336839999999938300e+00
3.887593999999999994e+01
-4.169999999999163265e-02
3.706999999999993634e-01
1.283818599999649450e+02
1.994996800000080839e+02
3.290400000041699968e-01
-1.268661999999999956e+01
1.029999999999802185e-01
2.522000000000019782e-01
7.186599999840836972e-01
1.708000000216998160e-01
2.084000000104424544e-02
-5.542799999999999949e-01
-1.396914000000001010e+01
7.962420000000008713e+00
-1.990788800000154879e+02
-1.229254800000053365e+02
-8.842199999999138527e-01
-7.548040000000000305e+00
-1.204799999999863758e-01
1.087399999999831834e-01
-4.254286000001593493e+01
-6.468018000002484769e+01
9.410200000056647696e-01
-3.818527999999999878e+01
-1.717999999999619831e-02
3.100000000000591172e-02
5.361999999149702489e-02
2.564600000332575291e-01
-5.611999999746331014e-02
-4.600599999999999690e-01
-1.419323999999998875e+01
7.273840000000021178e+00
-1.416680000000633299e+01
-8.015400000149384141e-01
-3.948199999977077823e-01
-3.833899999999999864e+00
-1.127999999997086888e-02
-2.401999999999304691e-02
-1.598382000002311543e+01
-6.121400000003632158e+00
-6.869600000027276110e-01
-4.606099999999999639e+00
-1.279999999999859028e-02
5.799999999993588062e-03
-6.591600000101607293e-01
1.186199999938253313e-01
-5.280000000493600965e-02
-1.425599999999999923e-01
-9.267799999999795091e-01
-5.694799999999844431e-01
3.171380000014323741e+00
6.763139999995473772e+00
3.404599999994388781e-01
3.891000000000000014e-01
-1.269999999999527063e-02
2.060000000001593889e-02
3.860300000000279397e+00
2.125026000000070781e+01
7.623399999974935781e-01
-5.407420000000000115e+00
-1.088000000001443368e-02
4.240000000000065938e-02
7.089999999152496457e-02
6.269999998039565980e-02
-5.252000000473344699e-02
-7.800000000000001377e-02
-1.014800000000093405e-01
8.447799999999858755e-01
-2.284824000002117828e+01
-1.378159999998752028e+01
-4.173200000041106250e-01
1.371053999999999995e+01
-2.384000000000696673e-02
1.258599999999887586e-01
1.724940000000060536e+01
2.194339999998919666e+01
7.731800000037765130e-01
-2.121770000000000067e+01
1.663999999996690349e-02
2.553999999997813575e-02
-3.621999997994862497e-02
-3.604000000632368028e-02
1.590000000578584149e-02
5.935999999999999610e-02
-7.127799999999808733e-01
2.139920000000003597e+00
1.415755999996326864e+01
8.913999999931547791e-01
4.620600000016565900e-01
3.731860000000000177e+00
7.640000000009194991e-03
-1.962000000000330147e-02
1.598048000002745539e+01
5.593259999994188547e+00
7.076799999995273538e-01
5.377499999999999503e+00
5.620000000021718733e-03
-1.688000000000045020e-02
1.360400000121444464e-01
4.400000002351589501e-02
2.085999999690102413e-02
-7.025999999999996137e-02
9.317199999999843385e-01
4.852600000000109048e-01
-3.166979999979957938e+00
-6.821060000016586855e+00
-3.653400000002875458e-01
-3.200999999999999956e-01
-7.000000000005002221e-03
6.656000000000972250e-02
-3.958140000002458692e+00
-2.109825999996974133e+01
-7.672000000020489097e-01
5.562879999999999825e+00
-1.125999999999294232e-02
4.310000000000968612e-02
-7.806200000050012022e-01
5.926200000103563070e-01
1.938199999967764597e-01
-9.361999999999999211e-01
9.870000000000800355e-02
-1.739400000000017599e+00
2.285807999997632578e+01
1.400773999997181818e+01
4.885199999989708886e-01
-1.414045999999999914e+01
2.725999999998407475e-02
2.364800000000144564e-01
-1.736714000001666136e+01
-2.189817999998922460e+01
-7.535599999973783270e-01
2.117004000000000019e+01
-1.823999999999159627e-02
7.303999999999177817e-02
1.084200000332202762e-01
-1.131999999051913619e-02
-3.727999999682651833e-02
-3.373999999999999222e-02
7.218799999999987449e-01
-2.006379999999992947e+00
4.976946000001044013e+01
3.674480000016046688e+00
7.802999999985331669e-01
-1.053343999999999880e+01
6.593999999998345629e-02
5.954599999999885540e-01
-3.394260000000940636e+00
-5.632080000010319054e+00
6.981999999698018655e-02
4.060179999999999900e+00
-5.480000000005702532e-03
-1.502000000000691671e-02
-1.205000000190921128e-01
-3.054000000702217221e-02
2.176000000326894224e-02
1.946000000000000507e-02
2.180839999999989232e+00
1.698400000000077625e-01
-6.336479999969014898e+00
-1.602164000002085231e+01
-6.520999999956984539e-01
4.543319999999999581e+00
1.447999999999183274e-02
-3.699599999999918509e-01
9.638600000180304050e-01
1.543088000002899207e+01
4.569599999958882108e-01
-4.764499999999999957e+00
9.960000000006630216e-03
7.500000000000284217e-02
-2.584199999982956797e-01
-1.996999999973922968e-01
-1.285999999890918843e-02
1.399000000000000243e-01
-4.892600000000015825e-01
1.029680000000013251e+00
2.087406000000191852e+01
4.064539999992121011e+00
7.184599999964120798e-01
5.461700000000000443e+00
1.054000000002019988e-02
4.703999999999552983e-02
-7.598720000009052455e+00
-3.190739999990910292e+00
-3.504999999968276825e-01
3.804000000000000159e-01
-1.523999999997727173e-02
-2.946000000000026375e-02
-6.932000000961124897e-02
6.060000014258548617e-03
3.184000000328524038e-02
2.326000000000003065e-02
1.048560000000009040e+00
1.977799999999945157e-01
2.175787999999010935e+01
1.743447999999625608e+01
7.612199999966833275e-01
2.048772000000000304e+01
-6.200000000262662070e-04
2.194000000000073669e-02
1.408699999999953434e+01
2.277624000000650994e+01
4.518800000041665044e-01
1.410003999999999991e+01
4.640000000023292159e-03
1.719999999999970441e-01
-2.335999999195337296e-02
1.485600000014528632e-01
1.679999999760184437e-02
-2.200199999999999934e-01
2.136239999999986594e+00
7.097600000000028331e-01
6.410899999988032505e+00
3.612219999980879948e+00
-4.909999999654246494e-02
4.412119999999999820e+00
-1.140000000020791049e-03
-4.040000000000532054e-02
3.620319999987259507e+00
4.909612000000197440e+01
8.722600000000966247e-01
1.053788000000000125e+01
-9.219999999999117790e-03
4.178000000000281489e-02
1.227200000139418989e-01
1.079999999783467501e-01
-5.138000000442843884e-02
-2.154000000000000081e-01
-5.560000000000115961e-01
1.233719999999991046e+00
6.240939999988768250e+00
1.598412000000826083e+01
7.099400000006426126e-01
-4.567759999999999820e+00
3.119999999995570761e-03
-9.855999999999198735e-02
-9.725000000034924597e-01
-1.536590000000433065e+01
-3.420000000005529728e-01
4.674479999999999968e+00
-2.200000000414092938e-04
6.615999999999644388e-02
2.512000000569969416e-02
-3.659999987576156855e-03
-2.942000000257394277e-02
3.559999999999999276e-02
4.951800000000332602e-01
-9.392199999999917281e-01
-2.085457999998470768e+01
-4.075059999973746017e+00
-7.729599999984202441e-01
-5.440260000000000318e+00
-1.793999999998163730e-02
-7.112199999999972988e-01
7.608819999994011596e+00
3.268299999996088445e+00
2.973400000046240166e-01
-4.515599999999999614e-01
-4.199999999968895281e-03
-5.410599999999874399e-01
6.326000002445653081e-02
-2.376000001095235348e-02
-1.679999997577397153e-03
2.183999999999999830e-02
-1.049139999999994188e+00
-7.059999999999888587e-02
-2.178560000000288710e+01
-1.753484000000753440e+01
-7.682800000002316665e-01
-2.032056000000000040e+01
5.039999999979727363e-03
-3.544000000002256456e-02
-1.409827999997651204e+01
-2.280254000000422820e+01
-4.159000000036030542e-01
-1.407460000000000022e+01
-4.220000000003665264e-03
1.651400000000080581e-01
1.439799999643582851e-01
9.020000000600703061e-02
5.779999999504070729e-03
-1.250600000000000045e-01
-2.108779999999995880e+00
-7.984999999999899956e-01
-6.382140000001527369e+00
-3.662739999999757856e+00
3.159999999843421392e-02
-4.338960000000000150e+00
6.120000000009895302e-03
1.668800000000061345e-01
-3.833060000004479662e+00
-4.907872000001952983e+01
-8.128199999991920777e-01
-1.085454000000000008e+01
-5.400000000008731149e-04
4.301999999999850388e-02
-5.423999996855854988e-02
1.159999985247850418e-03
2.052000000549014658e-02
3.148000000000002185e-02
5.619800000000054752e-01
-3.409279999999995425e+00
-4.972112000000197440e+01
-3.625119999982416630e+00
-7.904600000038044527e-01
1.052697999999999823e+01
-6.706000000002632078e-02
-5.102799999999945157e-01
3.313079999992623925e+00
5.731280000007245690e+00
-3.371999999944819137e-02
-4.234160000000000146e+00
7.919999999955962267e-03
-3.426000000001749868e-02
-5.053999999654479325e-02
1.723599999968428165e-01
-5.622000000221305527e-02
-1.711999999999999911e-01
-2.184840000000008331e+00
-8.606000000000335604e-02
