8.245425200966041701e-02
-6.371533060925073377e-02
2.502789769054255542e-01
-2.848354124174295662e-02
-9.137680370801922608e-03
-2.371425296367351415e-02
1.397091687700547681e-02
-3.488736448464882511e-02
7.014962345058967097e-03
-2.281672358733834449e-01
-1.397262545117732187e-02
3.115556481133432282e-02
8.241371780487508403e+00
-3.984158907300650726e-02
-5.100557540175806870e-02
-1.335766853124559662e-03
-3.097747458340584931e-02
8.338508672661842924e-02
-1.615533351198098211e-01
4.012147837692554120e+00
-8.555470705671724962e-02
1.345755335201829495e-01
-1.372132361846798965e+01
1.333864145971025150e-01
5.308606811196102393e-02
-1.868780650434425539e+01
-7.012231451640696389e-02
-1.573783518523112490e-01
1.169352070838179380e-01
2.383308305107831315e-01
9.130304499844950350e-02
5.784137075964524560e-02
-1.124934412660186754e-02
-1.471303132764245451e-02
8.065056456132602136e-02
1.117127322690768532e-01
-6.516472986835686321e-02
2.930092413582537081e-02
1.273934989842716581e-01
2.005502796328445803e-01
3.641044729927149781e-01
8.700643814930819619e-02
-1.890595235761143300e+01
1.310152746453194517e-01
4.719579542501577130e-02
-2.374974530794823901e-02
5.535515122718011050e-01
1.635940352845339715e-02
-8.764905773823158941e-02
-3.367179229909713634e-01
-3.490717102011905126e+01
-4.569072298270507315e-02
7.463593552553754451e-02
-4.878544238881579037e-02
5.774152792271429746e-01
5.441686398599267227e-02
-9.865429768190557558e-02
6.699497608377548430e-02
-1.140388639638691615e+01
1.352898937862263840e-01
-1.602116675892829889e+01
1.673461122273399437e-01
-7.810406504900915814e-02
-1.500736403905071348e-01
-2.368635094856639256e+01
1.269486797596950343e-02
2.601007504062700926e-02
-3.194540557486247323e-01
2.350263307557021956e-03
-3.229327813431439459e-02
7.833354081136714719e-02
-7.241517417877854981e-03
-1.096767156625829825e-01
9.133734062965147282e-02
2.765186977539545454e-01
1.081536173872659035e+01
-6.907747848766765397e-02
-3.316637241390764379e-02
-1.853146325076508560e+01
6.692825587009683108e-01
-1.512336380597392727e-01
2.593689870360752631e-02
9.943161203386137459e-02
6.910184300862685092e-01
-2.534502378544897794e-02
7.379812859982010087e-02
1.746179486807418191e-01
2.083994491391172599e-01
3.645960414528327115e-02
-3.447354256678479278e-01
4.282162995757865076e+00
9.476337326380987469e-02
1.275671791225265750e-01
-5.514319542656219708e-01
-1.914368308000327923e-01
-2.047619421646098559e+01
4.566401882640994808e-02
-3.544086507474598913e-02
-3.374418374037751533e+01
4.213711674525032436e+01
-6.389001715093176048e-02
2.649391328615496519e-02
5.677598088862483017e-02
7.649880375240267205e-02
1.679786954276434874e-01
-3.839468395918249066e-01
-5.296694193298264253e+01
-1.520986024335664773e-02
2.239076732374148740e-02
3.350206806162860573e+01
-3.660734241382102283e+01
-6.276502772550310305e-02
5.734434325108575536e-02
-4.276256896112580108e+01
-3.147791426391111358e+01
-2.804112957934123429e+01
-3.368331409321164219e-03
-1.135612639725351036e-01
1.951391647101305138e-01
5.272337340518765814e+01
1.315892982428745472e-01
5.443158637870068595e-02
5.725181500198849305e-01
4.596908240605370821e+01
9.503241150205987697e-02
-4.804108351758432094e-02
2.813625382815913056e+01
-8.325080604842559850e+00
-6.735607107960439599e-02
-4.731987025338933034e-02
1.624274943938104627e+02
-2.914510493120803583e-02
2.300296935495577122e-02
8.465797013951208783e+01
-2.878371150535436840e+01
2.981350876147623197e+01
3.197393537850521522e-02
1.058240597025634638e-01
-1.080601977527430257e+00
-2.967347408865373382e+01
1.134747668493068240e-01
1.174365776742927192e-01
3.643574298336944156e-02
-3.429780668603759491e-02
1.144126380796125914e-01
1.514226605001603998e+00
-8.132211639039741158e+01
-5.249002598869827001e-03
-5.583559214385822852e-05
1.584850533602975275e+01
1.816049215908896031e+01
-6.576669319646551992e-01
-1.451131822801802682e-02
1.046214750081964212e-01
-9.673597965180982783e+01
-5.384429636340264835e+00
3.953639954060423012e+00
-2.352674974684054021e+01
2.046566847189954963e+00
-2.508982015924130238e+01
-1.925875806425416670e-01
-1.748435247885549437e-01
-3.431360252826483759e+01
-2.627726263956041919e+01
-5.921558828726238011e-02
4.265789397820910489e-01
1.848526863970937351e+00
1.279644816834702681e+01
5.325687582907687873e-02
2.186357694330934298e-01
6.140880978500443632e+01
1.409414628520216095e-01
-7.699726171796426530e-03
4.572382080657339670e-02
1.684223989537245447e-01
-1.115856628592925767e-02
-5.562527627068921364e-03
-2.377696718907136228e-02
-2.228897655454575161e-02
-4.384839408389776955e-02
1.715990505748906381e-01
9.930210456971094723e-02
-1.297988721789857802e-01
-7.915747410740085144e+00
7.230102252809829377e-02
1.014897658116998697e-01
2.977258288676000800e-02
-3.271397914682249580e-02
-2.706822440005245828e-02
-8.406632390606066929e-02
-4.051710290336522746e+00
-2.177479801857091016e-02
3.386344015109200578e-01
1.378827351421252345e+01
7.359021959489608911e-02
3.517621962269044944e-02
-1.899130088078025835e+01
5.725379135669261821e-02
1.835778462131930008e-02
-3.230035484780452437e-02
5.007329639345300260e-02
-1.119337917228683468e-05
-1.324309243496099575e-02
-4.336711425533323026e-03
-1.438631273587677450e-02
-2.119918477699262675e-03
6.869212131807411748e-02
-1.621881329632475222e-01
9.827141099952174663e-02
-1.678165122765537531e-01
-1.166918816030667883e-01
6.368833865374762260e-03
7.958286450400096912e-02
1.950959868556795485e+01
7.601106813602739876e-02
-1.983202926142457051e-02
-4.353685555606690016e-02
-4.699865513775834391e-01
-7.840529794000235253e-02
-1.779537887744721270e-02
-5.106460981853848669e-01
-3.491803126227709697e+01
-2.756406320913147578e-02
-7.561914958457803537e-02
-8.010194102081483192e-02
4.555821827147870096e-01
3.959177868618772578e-02
2.102209363814536852e-02
-6.194050955494655175e-02
-1.140240965980450127e+01
-8.459237418473153358e-02
1.581016019489573132e+01
-2.685814370641453203e-02
1.105061488526954128e-01
1.929948825674115687e-01
2.376348783180375790e+01
3.042605073421201373e-02
-1.006463628177871501e-02
3.214257798096923496e-02
-5.340287020521328892e-02
3.875699841846172444e-02
-4.632163613497666116e-02
1.095304277649815083e-01
-6.820680991683636396e-02
-1.077107468329560752e-01
-7.568475159341821190e-02
-1.053245012099499611e+01
-5.400503547451779296e-03
-2.849261988820325081e-02
-1.875479890227442681e+01
6.827506621917626140e-01
-1.356664794645708050e-01
-3.232602836695806781e-02
-6.410448321675568661e-02
-2.575417481556108723e-01
-1.356263367573516156e-02
-2.540778857820308757e-03
-3.172498349611637125e-01
9.561510704709014208e-02
-1.800028668831574752e-01
8.649418497661483241e-02
-4.395593552618299427e+00
-1.392784350715466357e-01
9.922847093967041010e-02
6.781215732259307516e-02
1.057167015842758462e-01
2.026189530326204746e+01
6.580909300083841174e-02
-8.732933982106109994e-03
-3.315038657299348301e+01
-4.220272892574343615e+01
2.500322762640948965e-02
-4.331723509445226106e-02
-3.727180172604768749e-02
1.559962672785957793e-01
2.232703384539583835e-01
-3.748750216478283909e-02
5.317663268917218033e+01
-6.409724787750444019e-02
-8.838401527477598996e-02
3.237057730353807727e+01
3.609748261667735392e+01
-1.703453963150905470e-02
-1.196179480486086327e-01
-4.214101002458936307e+01
3.189122610247734713e+01
2.746561343488272655e+01
-7.131710947498921815e-02
1.245603893765392794e-01
2.702592908408905648e-01
-5.286922160423352324e+01
2.152797305223785179e-02
1.837843136386555290e-02
6.721015825039402536e-01
-4.701915952907553731e+01
-2.269976023642797033e-02
7.949033119802738356e-03
2.834379764280592440e+01
8.368546309535698668e+00
-6.898392653616349131e-03
-7.888751975992220472e-03
1.624821820532254719e+02
-1.078905096727436272e-02
-6.304172384042205923e-02
8.523614851552837024e+01
2.846348737623635472e+01
-2.968739948841058052e+01
-3.903006513591791155e-02
-2.800528521558885361e-02
-8.954987922144992396e-01
2.940805342223860919e+01
3.955360236539046115e-02
-2.251573648233694963e-02
-3.151610424556974127e-02
-5.207976697675172073e-02
1.189832864801860894e-02
1.457858884190644577e+00
8.133120891326888113e+01
1.150242331558093412e-02
5.297173028721326865e-02
1.594011508056186877e+01
-1.814922920756280078e+01
-7.038329422716994577e-01
1.811460248318366023e-02
-6.351065695620818075e-02
9.653606018667670696e+01
5.251414930232584766e+00
-3.792564173910836001e+00
2.295579327742001041e+01
2.541843874605339337e+00
2.455453755136927541e+01
1.591492499947344541e-01
-1.606090935106327111e-01
-3.359615065173005632e+01
2.655807110113396163e+01
1.799339127544940242e-01
-1.372413833331219135e-01
2.385979352396712105e+00
-1.348068459263625307e+01
-9.787952930718984978e-02
9.396144989733619390e-02
6.121857956905080300e+01
-8.384045262697165796e-03
-1.192852766780127735e-02
-2.548030541852647560e-02
2.981198829168107967e-02
-3.420370353412385128e-02
3.954974598873794295e-02
-7.607648939685244388e-03
-9.534887604777031109e-03
5.592498156572393506e-03
2.352898382314437195e-02
-9.712660770904324448e-03
-5.090117136974813689e-02
-1.264092090606372572e-02
5.293960227290515907e-02
-7.183769069994972931e-03
7.262449021517347614e-03
-1.402924702024959357e-02
-1.705373559885233273e-02
3.729392870128412675e-03
-5.216804499874634106e-03
-3.732184069870859901e-03
-2.104054826701712289e-02
-1.980015558196708547e-02
3.220318504627238398e-02
-1.834143319456605151e-02
-7.865680662271599122e-01
-3.852720678358398983e-03
-2.788926009591518110e-02
-2.006544991717324616e-02
-1.556021177381587163e-02
-2.435017160679095460e-02
-2.794947038595492483e-02
1.207765290805818195e-02
1.370490378092252028e-02
1.141080564557831779e-02
5.125175778780492178e-04
-8.532602396088607988e-02
-3.836669735117226310e-02
-1.491481429822822183e-02
-2.472204954177479805e-02
-1.911474676830760000e-02
4.246163310619881920e-02
-2.229092437842081567e-02
8.085605937286063916e-03
9.482092467374679014e-04
-3.099280875467837551e-02
-6.864123048363690409e-03
-1.669456832617013942e-02
-1.064039885089291485e-03
-8.606477271173019333e-03
4.389263062869404597e-01
1.903471243653426237e-02
5.228961452029937118e-02
-9.323391551435937161e-03
1.933292847145243187e-02
4.304870191186951391e-03
2.198764696106984828e-02
4.550199209927299066e-03
5.278748092657976204e-02
-1.128880755735545312e-02
3.591858082966816607e-02
2.149695073917353219e-02
7.014421075222009028e-02
-3.851331423510253498e-04
-2.961164814994781368e-03
7.768916896154261752e-03
5.559730506966173392e-04
1.283442770685726264e-02
2.045082300507139808e-02
-3.977104232612778401e-02
-6.845960403834291420e-03
1.555365842298208658e-02
2.868070237761892764e-04
-2.285951496539593425e-02
6.713133944301717150e-03
-2.154473904370920231e-03
9.401386780228948581e-03
6.599227091328371993e-03
-1.508106426832786839e+00
4.940955551205229723e-02
-6.900304332229881266e-02
-2.330994088300311975e-02
-2.922682168414838730e-02
-1.775450130358725148e-02
1.083442162813147772e-02
1.162325479172032425e-02
-3.665345552497642490e-02
-1.457339209188770676e-02
-9.599311041937788613e-02
3.104027043106371425e-02
5.629699914546738848e-03
-1.574259567084172751e-02
-1.446242518768539251e-02
8.967001885298674091e-02
3.160123133594369693e-02
2.833914359286618522e-05
4.600635103427962863e-02
-1.156241739335129790e-02
-1.433094195628404899e+00
-1.196307096728280520e-02
-2.053947550360425006e-02
8.718171669437349558e-03
-6.164495219689865302e-02
3.904513053466156236e-02
-2.847243432098961469e-02
1.903088555761497588e-02
-2.726144814373292549e-02
2.545822796117933745e-02
-5.133271295833058412e-02
-8.426954886730395611e-01
1.755773790520260072e-02
-4.411491818424907035e-02
-1.330236848310771026e-02
-4.151173582344342416e-01
9.215942720052302042e-03
3.624068026374178270e-03
-4.775168909482446072e-02
1.945191712803713557e-02
1.928895959586579556e-02
-8.512182091000079082e-03
-2.760927832354614225e-02
-1.623494567682808726e-02
1.954549283278034580e-02
-8.917987454984486334e-03
3.299276108948007158e-02
2.252543401106903848e-03
1.429842156741638615e-01
-6.257004002417089136e-03
3.807862286776141775e-02
1.639511314794549895e-02
3.246773068778495142e-01
-5.259773067143993196e-03
3.946307550956516114e-03
6.158477264852646460e-01
2.827589606494392352e-02
1.769691258174734298e-03
-1.541575942795686723e-02
1.667556913455323434e-02
-1.368174362623246834e-02
-5.216585535130441841e-03
-7.239669993944840287e-03
-5.098611619861307537e-03
-4.480145402153075970e-04
-5.350483906530054644e-03
4.833076349220898765e-02
3.520385421039922691e-01
1.419851753029125439e-02
-4.470435523563856539e-02
1.835073691861471151e-02
2.708587088805674559e-01
3.098839943455482596e-02
-8.647257448340111771e-03
3.378012180125582187e-02
3.815387344616871096e-02
3.480987382190330222e-03
-7.419002550145951426e-03
-1.539661212325002006e-02
4.077962683738181604e-02
1.440689049548165568e-01
5.372267482197815025e-02
-4.593042848976225390e-02
1.171457840887566403e-02
-6.734326691305687618e-01
1.430110342760709460e-02
2.035844926675567726e-02
-1.876850734962456219e-02
1.400370038845627774e-01
1.249918979304433242e-02
-7.471956022203914138e-03
5.148813975118366609e-02
2.639120592510025176e+00
-2.144714792546219273e-01
-2.147224277646597214e-03
-5.994943711350213256e-02
-1.500772730771809949e-01
-2.976051832647102048e-04
7.450017656639546307e-03
2.312266545649888441e-02
4.421471734915456697e-02
8.025709537981716435e-02
-2.486986843540585634e-01
-1.354975728739976903e-01
1.656845154934184772e-01
5.241516478337373997e+00
-1.497844181050881907e-01
-1.207693316268118044e-01
-4.602959464580159282e-02
3.045889351330082276e-02
-1.640475287253808810e-03
1.324575222675218877e-01
-5.660179453357318202e+00
1.981753083819473224e-02
-2.319912941971311870e-01
-9.116413758624474895e+00
-1.389252838678591284e-01
-6.766755620749019540e-02
9.892139600527027898e-02
-5.869265503192037242e-02
-2.771767518373072919e-02
7.034432816553502776e-02
-6.120895261214763516e-02
3.660299460378940717e-02
3.171984713788198601e-02
1.707523027189440309e-02
2.126952896487281294e-02
1.127867396597458105e-02
-8.519912291792246239e-02
2.754490147977040060e-01
-1.220398758075362522e-01
2.128395110595494299e-01
2.068067500233237432e-01
2.144412261166561695e-02
-1.404372650295586944e-01
-1.277524393553539284e+01
-1.108532915275797226e-01
-1.842855388735705618e-02
5.589584209389160396e-03
-1.235997759923982642e+00
7.622739103830848684e-02
-8.573458299921659503e-03
-1.852519107256172040e-02
1.270195427601027716e-01
5.658634072872378851e-02
1.198147425942847621e-01
1.162358427948012585e-01
5.363378257791871079e-02
-6.870666460073275583e-02
-6.481954622008402611e-02
9.988249482880204311e-02
5.555174750502755998e-02
9.225168308310542631e-02
-9.925747354716710547e+00
-3.143659873944190924e-03
-2.406631666813436876e-01
-2.985610205724876787e-01
3.668736426869386946e+01
-4.410180163716354018e-02
-2.600499211309982919e-02
-3.544054884530117161e-02
8.786814768020743960e-02
2.970705018364567726e-02
1.046524325865557936e-01
-1.816756019015384749e-01
3.397050786278051071e-02
1.378342454042608689e-01
1.159584858395938528e-01
-1.606186417966535984e+01
5.245360921556274647e-02
3.347156622799127984e-02
-2.012761353045042223e-02
-1.423244794736667762e-01
2.083605382410186058e-01
1.372426583114306764e-01
5.190002229738251843e-02
4.164127474563438791e-01
2.413269005526037445e-02
-6.151642937667812887e-03
4.666439155577017939e-01
-8.531304091470572060e-02
2.480162450665756302e-01
-1.521788128531538775e-01
3.060317798570934222e+00
1.775509224155890076e-01
-1.105959168815439098e-01
-9.808676493159537713e-02
-1.533543117475272555e-01
2.932171320860651065e+01
-1.042997822037079053e-01
2.137778557475803198e-01
-2.199274559553813513e-01
2.997606025177729805e+01
-2.527526914923391640e-02
3.910251686341370547e-02
9.329715263589882790e-02
-2.186633417943040225e-01
4.417428513769925541e-02
-1.947523743930275886e-01
-3.256126579359229822e+01
5.713478655598273198e-02
1.569956666732066908e-01
7.393792254748430270e-01
5.792386864789066436e+01
2.102818549905598883e-02
1.457596726371979123e-01
-4.512837026578507826e-01
4.545379711995607153e+01
-1.947869262550548797e+01
5.804879907041874537e-02
-1.374200862518761557e-01
-5.064356816827634278e-01
-7.893954619897914426e+01
2.324325184843407249e-02
5.768188104163576163e-02
4.231803907936921294e-01
3.265039963290045222e+01
5.609356930628039972e-02
-1.059088802889802082e-02
-6.561987011880560106e-02
1.170530727502510615e+01
5.733701244118956722e-03
1.664938992567748660e-02
-6.996129558370592361e-02
4.899464975792951899e-02
1.391375822568977905e-01
-1.552685446493574650e-01
4.216051459987728123e+01
2.151626560493972917e+01
7.118250366625249181e-02
3.637276298165768168e-02
-2.566545567603969458e-01
-1.819450239344158504e+01
-9.867954915859644682e-02
2.896060783361711216e-02
1.282126532284165732e-01
9.670036974475958169e-02
8.013879611811164025e-03
2.341964297856888658e-02
1.251901582589219402e+02
9.885523725141351706e-04
-6.877762052522097547e-02
-1.047355117350495628e-02
-1.898444075568335876e+01
2.312023159781200210e-01
-2.461846130060658597e-02
5.801600162074413425e-02
-6.422635334169636678e+01
-4.064669572409524534e+00
3.087443788306883707e+00
-1.762655510984553331e+01
-4.694558402250471052e-01
3.631817945189344243e+01
3.964407348329207492e-01
3.080753845547538061e-01
3.113068684108976636e-01
-1.849205676443911983e+01
-1.629647436537883243e-01
-1.636581089899992736e-01
-3.299783854276485129e-01
-1.467327754300982257e+01
-1.832721886861759034e-02
2.059376476132602496e-01
-2.301016343738781222e-01
-1.095232431586660657e-02
-1.061462738738421052e+01
-3.753817697739358472e+00
6.651676780808189748e-02
1.654720047505761626e-02
3.710983575555784619e-03
-5.112222080197414975e-02
7.028400675702199674e-03
-1.463256701241533696e-02
2.125185679065079714e-01
-2.927120537802680444e-01
-2.140369017335638172e-04
-1.222767876534548975e-03
-2.588650292649836704e+00
-3.417294188712975522e+00
-4.198378086501106631e-03
1.212303564421738332e-02
-3.428918190193204051e-03
-1.922498295496120977e-03
1.443552207583258425e-02
1.960786189621078340e-03
1.594687606887137130e-03
-7.889482123238427888e-03
-3.868992430585330156e-01
2.344628419731989322e+00
-2.547026455914997572e-02
-9.289562215988564908e-01
1.261861016118611234e+00
-1.449110293092956137e-03
-3.364433772088295648e-03
-8.120035605684585225e-03
7.844832767593899183e-04
5.255561183931534673e-03
-4.353713288572640117e-03
-4.620555214589061946e-03
6.563307813787160050e-03
-3.112645701664321640e-01
-2.253644313122680765e-01
3.624324164941724290e-03
9.658462936388955561e-03
-6.914657372273003144e-02
1.120227060860623514e-01
-1.045746007423294967e-02
4.387117506305156928e-03
-4.543209976536024446e-04
-7.915166332469028608e-04
4.580485616857660029e-03
-1.276116398832392689e-02
7.760417350405413375e-04
-2.721024201488022719e-03
-3.617363599808851721e-02
-9.093905046520184624e-03
-1.336281168383306184e-01
-1.808424336648648822e-01
-7.551969228456635727e-04
-4.684610239274899016e-03
1.800271283711478128e-03
-8.970559614137071187e-04
-1.770522519632274430e-02
6.888587715893609853e-03
-6.086030507088204845e-03
-9.797986719799471889e-01
2.564210169962987340e+00
1.101080060444807954e-02
-3.728229064671192278e-02
5.194446380834074478e-03
-8.823854928718166723e-04
-5.435860497348627383e-03
-4.341300901084795827e-01
1.399692898382354223e+00
-3.579913421537416623e-02
-3.090394168348852055e+00
-3.532883338093731673e+00
-1.025660660027927218e-02
-8.626897803171461321e-03
2.678957914034208257e-02
-1.226002755378031994e-02
1.145847201951505617e-03
-4.194093589586046951e-03
-1.276636166901813467e-02
-6.925170004381816548e-03
-5.623331814770089147e-04
-2.123875645653132416e-01
1.105983296375458308e-01
7.527560547399623006e-03
1.380970099959933804e-03
-7.316248733803157149e-03
1.694463993186866857e-01
2.449695750087837742e-01
-1.172002120254069836e-03
2.126878768728998614e-02
4.504325831344753992e-04
-2.104605885878203964e+00
1.446567293215597516e+00
2.265896112064424983e-02
-3.314635218012054740e-02
-4.403761870261824370e-03
6.110853360990016817e-03
-1.285249843714333061e-02
5.183316148578884751e-03
2.289846970525897391e-03
-3.299394252334097094e-05
-3.648140252467972546e-03
2.244273707842271530e-03
-9.351917127214654998e-03
1.536836162428076823e-02
-1.767308122077345181e-02
-2.468989815170856156e-03
-3.619831267460306076e-03
2.893116897901432463e-02
-5.871770844529149158e-02
-7.605671448878740214e-03
-4.892942400781915419e-03
-3.128371957398939918e-02
-4.881820241933296917e-02
-1.302818980589004819e-02
-1.424375352502886896e-02
-9.172294214612691440e-03
-2.245743233515850451e-03
1.023913473018254611e-01
-8.208146381101026970e-03
-1.277772684338611756e-03
5.165840756863785722e-03
1.070154220187949021e-02
1.104492216636324478e-02
-1.157627956925734100e-02
2.178718417287426115e-02
-2.353247498344362282e-02
-7.065646810122815265e-03
6.179878630991358750e-03
1.241571770807127356e-01
4.601572453994237123e-03
-3.392058099168123678e-03
6.873264481867534526e-02
-5.283337027172425870e-02
1.613955302182333920e-02
4.914179036222487106e-03
4.490223536324314604e-03
6.649011339912075727e-03
8.166087726723010587e-04
-8.464557445308681363e-04
-6.251799396980261105e-04
-1.906845061639695499e-02
-2.978963751996987954e-03
-5.167873752851494164e-04
5.138509387543354484e-03
-1.449683415938299302e-01
2.923362004431183814e-03
-1.692988436735634724e-03
1.013020769085584000e-02
1.530213729465704914e-02
-2.921841789698490302e-03
4.655618571428621691e-03
2.392001599007285550e-03
-4.200771368748268397e-02
-1.376430775569047887e-03
7.955393644221795540e-03
-1.804946950919848053e-02
-1.938098346191869867e-02
-5.090932068247305126e-02
1.266441122025119053e-03
5.081857593897890456e-03
-3.779355991732817610e-02
-3.048132856735405807e-02
-7.336241208680955618e-03
1.801922195929351808e-02
-8.319254111327150508e-03
3.168384447981778540e-02
8.345821757950988226e-03
5.848229249701127758e-03
4.784214706421501678e-02
1.189925295916300224e-01
-3.719939985239450131e+00
1.069515699576228940e+01
-4.236837925311527642e-02
-2.186310024008430650e-02
1.039185428959452928e-01
1.703602882689449205e-01
1.048443248482456569e-01
2.413037390109925850e-01
3.688882946931807405e-01
3.675025333638877179e-01
3.972241654969515395e-02
-9.705881921359664488e-02
-3.339035674733789261e+00
2.666930725610717978e+00
-8.669626760806833921e-02
-7.840502044582832453e-02
2.120423687166431148e-01
1.283694318699845904e-01
-4.946899082902223542e-03
-5.697378007796178451e-02
-1.110764191499436088e-01
-1.728939775772122545e-01
-2.467095484848346842e+00
-4.440279572409644437e-01
-1.778184453404395016e-01
1.268592612061157032e+00
7.917841434309969006e-01
1.188813772024353843e-01
-6.143521148418130268e-02
3.781313814230107678e-02
-2.749860617531348916e-01
6.857180110520343097e-02
1.146326643403608736e-01
2.964208552605937172e-02
-2.756222679768556283e-01
2.023620234952065444e-01
-3.551379512786981829e-01
2.394702293479412381e-01
1.267399916394412185e-01
1.541762963102864259e-01
-1.407628331063355831e-01
-2.524116570246681679e-01
3.068004092956630458e-01
1.305559654182692209e-01
-1.093004628157124569e-01
1.024256428105712324e-01
-3.239836724527276474e-02
-4.085843061114659974e-02
1.748420150237883774e-02
5.778109833858578043e-02
-4.115911437776469395e-01
-3.780277996524273876e-01
1.001761944242792052e-01
1.306350351952465516e-01
-5.804326363724160442e-02
5.577446380968446166e-02
-1.546806107378972395e-01
1.034535923734890457e-02
-2.358352485686625866e-01
7.092612803336742489e-02
-2.568398386668405031e+00
-1.162349129508011503e+00
-5.236324809297839833e-01
7.450631490441711469e-02
1.044668121822889956e-02
7.231757043131248341e-02
4.314751962710575151e-01
9.870060295036150455e-01
5.355127726348690720e-01
5.931527806088136845e-02
-3.581302273130559044e+00
2.892645947277928453e+00
2.088572852016716830e-01
3.822145247763646392e-01
1.062030684811287456e-02
6.472522181817103037e-02
1.410926044386732192e-01
-1.296814349543955747e-01
-2.072334772178363316e-01
-2.136302052012942487e-01
6.314623586592342797e-01
2.452370639338255776e-01
2.589734294103176460e-01
-5.902234165156975028e-03
-1.225518260612157850e-01
7.752843536207275621e-01
2.530703286903429605e-01
-1.185455481105751607e-01
1.857216791241279863e-01
3.456590253615308972e-02
6.229063032490089746e-01
1.413040588785948737e+00
1.681380326575501183e+00
3.543133113080999541e-01
-2.130729764894676581e-01
-1.882724151653809574e-01
-7.742511532978961497e-02
1.563359815168093858e-01
1.058213423091927327e-02
-2.691496418012093161e-02
3.014327413973442310e-02
-8.852149080858202901e-02
-5.561977865322679376e-02
1.047453874526937685e-03
-1.419044406504365030e-01
-1.844259486233819634e-01
-1.306673856772375963e-01
-2.988561239100165356e-01
-2.392507449882701476e-01
2.361171997597549810e-01
-2.677796833831143086e-01
2.437868610757664978e-01
4.018371229950588180e-02
-4.143891220896860766e-02
7.892503577461709718e-02
-6.756384884439940730e-02
-3.980342607113161041e-02
-1.241451491154962755e-01
9.447735271136755049e-04
-1.061992161311749311e-01
-3.460056288191586116e-02
1.729631975601687854e-01
1.370035024989839645e-01
-1.766344283320641501e-02
-2.645027789406619034e-02
4.282272164967509953e-02
-1.300963510807753021e-01
7.140953400889277214e-02
3.160453497218591590e-01
1.666354668120664795e-02
1.007330638558046332e-01
-9.967964757894068328e-02
-4.111506328237359703e-02
1.104099051148956373e-01
2.978262789532149478e-03
-8.536009554079257433e-02
1.759772119517896000e-02
-1.695655592302872938e-01
1.003613495778346056e-02
5.753782543398540394e-03
3.956436939813557188e-04
-1.994705100907501194e-02
-2.838720909780255430e-02
1.559204160295746822e-01
-8.059165357226205639e-02
1.732059240024222402e-01
-2.096490378425025503e-01
1.087619150116241329e-01
-9.529392972617740931e-02
4.273159051903438477e-02
9.776784795544418705e-02
1.316559952428268399e-01
1.104897372308158848e-01
8.293580182264889689e-02
-1.495915686634069208e-01
1.969092426636452342e-01
-3.005047523506217400e-01
-3.184493734815732058e-01
-4.416087812493360021e-01
-6.710159458003227273e-02
-9.244093627772648203e-02
-2.590137279106809465e-01
-1.883095825169728843e-01
3.411280313385446905e-01
-1.412974747241142921e-02
-2.782985674492965272e-02
-1.923697984498759853e-02
-1.518415304127331555e-01
-7.821085518718243895e-03
4.111716413373499024e-01
